inputFile <- "./data/kdb.csv"

mediumList <- list("mgg", "mggl", "mggls")

#character
strains <- c(
  "3936"="#000000",
  "4050"="#590812",
  "3986"="#990E1E",
  "4097"="#DB182F",
  "4096"="#E35D6D",
  "3700"="#E697A1",
  "4160"="#E3C1C5",
  "4255"="#999798"
)

# strains <- list("3936","4050","3986", "4097", "4096", "3700", "4160", "4255")

